Trained
[[1 0]
 [1 0]
 [1 0]
 [1 0]
 [1 0]
 [0 1]
 [0 1]
 [1 0]
 [1 0]
 [1 0]
 [0 1]
 [1 0]
 [1 0]
 [1 0]
 [1 0]
 [1 0]
 [1 0]
 [1 0]
 [0 1]
 [1 0]
 [0 1]
 [1 0]
 [1 0]
 [1 0]
 [1 0]
 [1 0]]
MLP (100,100): 0.846153846154
[0, 1, 1, 0, 0, 0, 1, 1, 1, 0, 1, 1, 1, 1, 1, 1, 1, 1, 1, 1, 1, 1, 1, 1, 0, 0, 0, 0, 1, 1, 1, 1, 1, 1, 0, 0, 1, 0, 1, 1, 1, 1, 1, 1, 0, 0, 0, 0, 1, 0, 0, 1, 1, 0, 1, 0, 0, 1, 1, 1, 0, 1, 1, 1, 1, 0, 1, 1, 1, 1, 0, 1, 1, 1, 1, 1] 76
[1 1 1 1 1 1 1 1 1 1 1 1 1 1 1 1 1 1 1 1 1 1 1 1 1 1]
SVM: 0.730769230769
50, 26



[ 82.   1.   8.   4.   3.   4.   1.   1.   1.   1.   7.   4.   1.   1.   1.
   1.   1.   1.   1.   1.   1.  80.]
[[ 0.75384615  1.          0.59459459 ...,  0.          1.          0.3125    ]
 [ 0.23076923  0.          0.18918919 ...,  0.          0.          0.1875    ]
 [ 0.6         0.          0.09459459 ...,  0.          0.          0.375     ]
 ..., 
 [ 0.52307692  1.          0.22972973 ...,  0.          0.          0.5       ]
 [ 0.2         0.          0.10810811 ...,  0.          1.          0.0125    ]
 [ 0.66153846  0.          0.39189189 ...,  0.          1.          0.625     ]]
[[1, 0], [1, 0], [1, 0], [1, 0], [1, 0], [0, 1], [1, 0], [0, 1], [1, 0], [1, 0], [0, 1], [0, 1], [1, 0], [0, 1], [1, 0], [0, 1], [1, 0], [1, 0], [1, 0], [1, 0], [1, 0], [0, 1], [0, 1], [1, 0], [0, 1], [0, 1], [0, 1], [1, 0], [1, 0], [0, 1], [1, 0], [1, 0], [1, 0], [1, 0], [0, 1], [1, 0], [1, 0], [0, 1], [1, 0], [1, 0], [0, 1], [1, 0], [1, 0], [0, 1], [1, 0], [1, 0], [1, 0], [1, 0], [0, 1], [1, 0], [1, 0], [1, 0], [1, 0], [0, 1], [1, 0], [1, 0], [1, 0], [1, 0], [1, 0], [1, 0], [1, 0], [1, 0], [0, 1], [1, 0], [1, 0], [0, 1], [1, 0], [1, 0], [1, 0], [0, 1], [0, 1], [0, 1], [1, 0], [0, 1], [1, 0], [1, 0]]
Trained
[[1 0]
 [1 0]
 [1 0]
 [1 0]
 [1 0]
 [1 0]
 [1 0]
 [0 1]
 [0 1]
 [1 0]
 [1 0]
 [1 0]
 [0 1]
 [1 0]
 [1 0]
 [1 0]
 [1 0]
 [1 0]
 [1 0]
 [1 0]
 [0 1]
 [1 0]
 [1 0]
 [1 0]
 [0 1]
 [1 0]
 [0 1]
 [1 0]
 [0 1]
 [1 0]
 [1 0]]
0.838709677419 (45,31) (100,)
[1, 1, 1, 1, 1, 0, 1, 0, 1, 1, 0, 0, 1, 0, 1, 0, 1, 1, 1, 1, 1, 0, 0, 1, 0, 0, 0, 1, 1, 0, 1, 1, 1, 1, 0, 1, 1, 0, 1, 1, 0, 1, 1, 0, 1, 1, 1, 1, 0, 1, 1, 1, 1, 0, 1, 1, 1, 1, 1, 1, 1, 1, 0, 1, 1, 0, 1, 1, 1, 0, 0, 0, 1, 0, 1, 1] 76
[1 1 1 1 1 1 1 1 1 1 1 1 1 1 1 1 1 1 1 1 1 1 1 1 1 1]
0.730769230769 (50,26)

DT:
[1 1 0 1 0 0 1 0 1 1 1 1 0 0 1 1 0 0 0 1 1 0 1 1 1 1 0 1 1 1 1]
0.741935483871 (45,31)
[1 1 1 0 1 1 1 1 1 1 1 0 1 1 1 1 1 1 0 1 1 1 1 0 1 1]
0.807692307692 (50, 26)

